	<styleUrl>#m_ylw-pushpin</styleUrl>
	<LineString>
		<tessellate>1</tessellate>
		<coordinates>
			-141.0003734649445,69.64689539964057,0 -141.0018653561777,60.30631867821476,0 -135.7055632172227,61.42720433364058,0 -129.3586712966009,56.39003591645753,0 -128.4510401396097,54.75949426375769,0 -129.111374808,53.79952645749127,0 -131.5848461295318,54.33843772981551,0 -134.0170156166531,54.43881303867774,0 -139.3107470441809,58.11576979898622,0 -144.9597346954218,58.79607884274877,0 -150.8064844716893,57.24886342643417,0 -161.4589706760086,52.94170085173271,0 -169.5074725499983,51.24721161290269,0 -169.4977353571379,55.77860927282759,0 -172.8575040402843,57.8144578619313,0 -175.1125481830799,62.65517793204116,0 -169.0800362682199,65.23562521224849,0 -168.8625353818834,66.36654061775553,0 -168.2121104560134,67.60932460468874,0 -165.8890939886333,70.77799914205067,0 -158.4664966359572,72.48035914583002,0 -146.0508618994126,71.60610819450777,0 -140.7614211553691,70.55938868042529,0 -140.9581210440876,69.71582432321841,0 
		</coordinates>
	</LineString>
</Placemark>
<Placemark>
	<name>2</name>
	<styleUrl>#m_ylw-pushpin</styleUrl>
	<LineString>
		<tessellate>1</tessellate>
		<coordinates>
			-140.9581271835287,69.71581984712684,0 -141.0003767988982,69.6469397358079,0 
		</coordinates>
	</LineString>