<LineString>
				<tessellate>1</tessellate>
				<coordinates>
					-172.3672895105823,53.33434512824876,0 -169.5046181489856,53.37738931378584,0 
				</coordinates>
			</LineString>
		</Placemark>
		<Placemark>
			<name>1</name>
			<styleUrl>#m_ylw-pushpin</styleUrl>
			<LineString>
				<tessellate>1</tessellate>
				<coordinates>
					-169.504588281682,53.37734988622845,0 -169.5124025591721,52.52095253013979,0 -170.7458617112917,51.91881739026892,0 -177.0506475124434,50.85002715559218,0 -180.8552969671878,50.71326841215194,0 175.3677952453042,51.21386039563837,0 194.9977779682604,25.77033400118369,0 195.6535371106726,24.9130207814713,0 200.661709459639,23.13823031757466,0 205.2633541237235,20.90264574098025,0 206.4667112956572,19.20922139630016,0 205.1177020566944,17.73504875173258,0 203.1671930452131,17.94035629895649,0 197.670322610526,21.32389189773914,0 194.3081573850506,22.25321518189184,0 189.3010456214388,24.36887424935721,0 187.0316680403061,25.75725886939463,0 188.0875475634538,27.81723801070785,0 192.0053913187463,30.93241913842461,0 175.050132326765,51.30096241603694,0 171.7988851015484,52.36040015410163,0 172.464983646732,54.02011567442023,0 181.0642991334877,52.72814124109946,0 187.6326292932612,53.33433038975448,0 
				</coordinates>
			</LineString>